1 0.498494 0.514776 0.793961 0.814128 0.999961
2 0.538677 0.522345 0.428135 0.32357 0.889601
3 0.523264 0.532484 0.162052 0.155056 0.824847
0 0.504576 0.775488 0.454551 0.123923 0.749369
4 0.668518 0.472998 0.120461 0.204718 0.678477
0 0.543158 0.758534 0.392621 0.148004 0.415074
0 0.38211 0.676238 0.36154 0.312637 0.406058
0 0.443068 0.73558 0.396966 0.204517 0.218176
0 0.42596 0.691488 0.607286 0.426409 0.182754
0 0.346437 0.662782 0.264352 0.337466 0.148903
0 0.578476 0.726282 0.345118 0.182127 0.124183
2 0.503705 0.552497 0.497456 0.406879 0.104165
0 0.416751 0.712139 0.387365 0.266261 0.0945049
0 0.482484 0.642728 0.580609 0.527112 0.0931085
0 0.486452 0.755403 0.449977 0.166229 0.0888521
0 0.369869 0.625434 0.509007 0.502134 0.0838232
